Overall:  0.49278524518013
object:  0.5180475115776062
number:  0.4076225161552429
color:  0.4484559893608093
location:  0.4265536665916443
