Overall:  0.5520951151847839
object:  0.5749099254608154
number:  0.463520884513855
color:  0.5077584981918335
location:  0.5165455937385559
