Overall:  0.5567166209220886
object:  0.5886936783790588
number:  0.4043557047843933
color:  0.501459538936615
location:  0.5201775431632996
