Overall:  0.5464978814125061
object:  0.5727413296699524
number:  0.45916515588760376
color:  0.48379167914390564
location:  0.5201775431632996
